0       -1.0780517837
4       1   0   1   1   2   2   2   3   -0.0400819261754       0.0
4       1   0   1   1   2   4   2   5   -0.0359220558722       0.0
4       1   0   1   1   2   6   2   7   -0.0307882059686       0.0
4       1   0   2   1   2   2   1   3   0.0400819261754       0.0
4       1   0   2   1   2   4   1   5   0.0359220558722       0.0
4       1   0   2   1   2   6   1   7   0.0307882059686       0.0
6       1   0   3   1   1   2   1   4   3   5   1   6   0.0103702217485       0.0
6       1   0   3   1   1   2   2   4   3   5   2   6   0.00456008023338       0.0
6       1   0   3   1   1   2   1   5   3   6   1   7   0.0413370123147       0.0
6       1   0   3   1   1   2   2   5   3   6   2   7   0.0413370123147       0.0
6       1   0   3   1   2   2   2   4   3   5   1   6   0.00581014151507       0.0
8       1   0   3   1   3   2   1   3   2   4   3   5   3   6   2   7   -0.0367769320814       0.0
6       1   0   3   1   3   2   1   3   1   5   1   6   -0.0309667905663       0.0
8       1   0   3   1   3   2   2   3   2   4   3   5   3   6   1   7   0.0367769320814       0.0
6       1   0   3   1   3   2   2   3   2   5   1   6   -0.0309667905663       0.0
4       2   0   1   1   1   2   2   3   0.0400819261754       0.0
4       2   0   1   1   1   4   2   5   0.0359220558722       0.0
4       2   0   1   1   1   6   2   7   0.0307882059686       0.0
4       2   0   2   1   1   2   1   3   -0.0400819261754       0.0
4       2   0   2   1   1   4   1   5   -0.0359220558722       0.0
4       2   0   2   1   1   6   1   7   -0.0307882059686       0.0
6       2   0   3   1   1   2   1   4   3   5   2   6   0.00581014151507       0.0
6       2   0   3   1   2   2   1   4   3   5   1   6   0.00456008023338       0.0
6       2   0   3   1   2   2   2   4   3   5   2   6   0.0103702217485       0.0
6       2   0   3   1   2   2   1   5   3   6   1   7   0.0413370123147       0.0
6       2   0   3   1   2   2   2   5   3   6   2   7   0.0413370123147       0.0
8       2   0   3   1   3   2   1   3   1   4   3   5   3   6   2   7   0.0367769320814       0.0
6       2   0   3   1   3   2   1   3   1   5   2   6   -0.0309667905663       0.0
8       2   0   3   1   3   2   2   3   1   4   3   5   3   6   1   7   -0.0367769320814       0.0
6       2   0   3   1   3   2   2   3   2   5   2   6   -0.0309667905663       0.0
1       3   0   0.0699189351439       0.0
2       3   0   3   1   0.0834554041903       0.0
2       3   0   3   2   0.0440451860552       0.0
2       3   0   3   3   0.0841271122306       0.0
2       3   0   3   4   0.0484744618433       0.0
2       3   0   3   5   0.0843965177155       0.0
2       3   0   3   6   0.0542679709536       0.0
2       3   0   3   7   0.0850561769221       0.0
6       1   1   1   2   1   4   3   5   3   6   1   7   -0.0309667905663       0.0
4       1   1   1   2   2   5   2   6   -0.0367769320814       0.0
6       1   1   2   2   2   4   3   5   3   6   1   7   -0.0309667905663       0.0
4       1   1   2   2   2   5   1   6   0.0367769320814       0.0
6       1   1   3   2   1   3   1   4   3   5   1   6   0.0413370123147       0.0
6       1   1   3   2   1   3   2   4   3   5   2   6   0.0413370123147       0.0
6       1   1   3   2   1   3   1   5   3   6   1   7   0.0103702217485       0.0
6       1   1   3   2   1   3   2   5   3   6   2   7   0.00456008023338       0.0
6       1   1   3   2   2   3   2   5   3   6   1   7   0.00581014151507       0.0
6       2   1   1   2   1   4   3   5   3   6   2   7   -0.0309667905663       0.0
4       2   1   1   2   1   5   2   6   0.0367769320814       0.0
6       2   1   2   2   2   4   3   5   3   6   2   7   -0.0309667905663       0.0
4       2   1   2   2   1   5   1   6   -0.0367769320814       0.0
6       2   1   3   2   1   3   1   5   3   6   2   7   0.00581014151507       0.0
6       2   1   3   2   2   3   1   4   3   5   1   6   0.0413370123147       0.0
6       2   1   3   2   2   3   2   4   3   5   2   6   0.0413370123147       0.0
6       2   1   3   2   2   3   1   5   3   6   1   7   0.00456008023338       0.0
6       2   1   3   2   2   3   2   5   3   6   2   7   0.0103702217485       0.0
1       3   1   0.0699189351439       0.0
2       3   1   3   2   0.0841271122306       0.0
2       3   1   3   3   0.0440451860552       0.0
2       3   1   3   4   0.0843965177155       0.0
2       3   1   3   5   0.0484744618433       0.0
2       3   1   3   6   0.0850561769221       0.0
2       3   1   3   7   0.0542679709536       0.0
4       1   2   1   3   2   4   2   5   -0.0311464534894       0.0
4       1   2   1   3   2   6   2   7   -0.0377356652716       0.0
4       1   2   2   3   2   4   1   5   0.0311464534894       0.0
4       1   2   2   3   2   6   1   7   0.0377356652716       0.0
4       2   2   1   3   1   4   2   5   0.0311464534894       0.0
4       2   2   1   3   1   6   2   7   0.0377356652716       0.0
4       2   2   2   3   1   4   1   5   -0.0311464534894       0.0
4       2   2   2   3   1   6   1   7   -0.0377356652716       0.0
1       3   2   0.0480176237193       0.0
2       3   2   3   3   0.0849470088328       0.0
2       3   2   3   4   0.0540328607063       0.0
2       3   2   3   5   0.0851793141957       0.0
2       3   2   3   6   0.0482231471368       0.0
2       3   2   3   7   0.0859588124084       0.0
1       3   3   0.0480176237193       0.0
2       3   3   3   4   0.0851793141957       0.0
2       3   3   3   5   0.0540328607063       0.0
2       3   3   3   6   0.0859588124084       0.0
2       3   3   3   7   0.0482231471368       0.0
4       1   4   1   5   2   6   2   7   -0.0429726244095       0.0
4       1   4   2   5   2   6   1   7   0.0429726244095       0.0
4       2   4   1   5   1   6   2   7   0.0429726244095       0.0
4       2   4   2   5   1   6   1   7   -0.0429726244095       0.0
1       3   4   0.0265451527951       0.0
2       3   4   3   5   0.0857800002628       0.0
2       3   4   3   6   0.0435442380803       0.0
2       3   4   3   7   0.0865168624899       0.0
1       3   5   0.0265451527951       0.0
2       3   5   3   6   0.0865168624899       0.0
2       3   5   3   7   0.0435442380803       0.0
1       3   6   0.00776841467316       0.0
2       3   6   3   7   0.0873571595971       0.0
1       3   7   0.00776841467316       0.0
