0       -1.08050520715
4       1   0   1   1   2   2   2   3   -0.038999906501       0.0
4       1   0   1   1   2   4   2   5   -0.0369418013471       0.0
4       1   0   1   1   2   6   2   7   -0.0309678299061       0.0
4       1   0   2   1   2   2   1   3   0.038999906501       0.0
4       1   0   2   1   2   4   1   5   0.0369418013471       0.0
4       1   0   2   1   2   6   1   7   0.0309678299061       0.0
6       1   0   3   1   1   2   1   4   3   5   1   6   -0.00901367856024       0.0
6       1   0   3   1   1   2   2   4   3   5   2   6   -0.00226340259637       0.0
6       1   0   3   1   1   2   1   5   3   6   1   7   -0.0401623226925       0.0
6       1   0   3   1   1   2   2   5   3   6   2   7   -0.0401623226925       0.0
6       1   0   3   1   2   2   2   4   3   5   1   6   -0.00675027596386       0.0
8       1   0   3   1   3   2   1   3   2   4   3   5   3   6   2   7   0.0378989200961       0.0
6       1   0   3   1   3   2   1   3   1   5   1   6   0.0311486441323       0.0
8       1   0   3   1   3   2   2   3   2   4   3   5   3   6   1   7   -0.0378989200961       0.0
6       1   0   3   1   3   2   2   3   2   5   1   6   0.0311486441323       0.0
4       2   0   1   1   1   2   2   3   0.038999906501       0.0
4       2   0   1   1   1   4   2   5   0.0369418013471       0.0
4       2   0   1   1   1   6   2   7   0.0309678299061       0.0
4       2   0   2   1   1   2   1   3   -0.038999906501       0.0
4       2   0   2   1   1   4   1   5   -0.0369418013471       0.0
4       2   0   2   1   1   6   1   7   -0.0309678299061       0.0
6       2   0   3   1   1   2   1   4   3   5   2   6   -0.00675027596386       0.0
6       2   0   3   1   2   2   1   4   3   5   1   6   -0.00226340259637       0.0
6       2   0   3   1   2   2   2   4   3   5   2   6   -0.00901367856024       0.0
6       2   0   3   1   2   2   1   5   3   6   1   7   -0.0401623226925       0.0
6       2   0   3   1   2   2   2   5   3   6   2   7   -0.0401623226925       0.0
8       2   0   3   1   3   2   1   3   1   4   3   5   3   6   2   7   -0.0378989200961       0.0
6       2   0   3   1   3   2   1   3   1   5   2   6   0.0311486441323       0.0
8       2   0   3   1   3   2   2   3   1   4   3   5   3   6   1   7   0.0378989200961       0.0
6       2   0   3   1   3   2   2   3   2   5   2   6   0.0311486441323       0.0
1       3   0   0.0685970189362       0.0
2       3   0   3   1   0.0832218233644       0.0
2       3   0   3   2   0.0449608047801       0.0
2       3   0   3   3   0.0839607112811       0.0
2       3   0   3   4   0.0471584228823       0.0
2       3   0   3   5   0.0841002242294       0.0
2       3   0   3   6   0.0538627671205       0.0
2       3   0   3   7   0.0848305970266       0.0
6       1   1   1   2   1   4   3   5   3   6   1   7   0.0311486441323       0.0
4       1   1   1   2   2   5   2   6   0.0378989200961       0.0
6       1   1   2   2   2   4   3   5   3   6   1   7   0.0311486441323       0.0
4       1   1   2   2   2   5   1   6   -0.0378989200961       0.0
6       1   1   3   2   1   3   1   4   3   5   1   6   -0.0401623226925       0.0
6       1   1   3   2   1   3   2   4   3   5   2   6   -0.0401623226925       0.0
6       1   1   3   2   1   3   1   5   3   6   1   7   -0.00901367856024       0.0
6       1   1   3   2   1   3   2   5   3   6   2   7   -0.00226340259637       0.0
6       1   1   3   2   2   3   2   5   3   6   1   7   -0.00675027596386       0.0
6       2   1   1   2   1   4   3   5   3   6   2   7   0.0311486441323       0.0
4       2   1   1   2   1   5   2   6   -0.0378989200961       0.0
6       2   1   2   2   2   4   3   5   3   6   2   7   0.0311486441323       0.0
4       2   1   2   2   1   5   1   6   0.0378989200961       0.0
6       2   1   3   2   1   3   1   5   3   6   2   7   -0.00675027596386       0.0
6       2   1   3   2   2   3   1   4   3   5   1   6   -0.0401623226925       0.0
6       2   1   3   2   2   3   2   4   3   5   2   6   -0.0401623226925       0.0
6       2   1   3   2   2   3   1   5   3   6   1   7   -0.00226340259637       0.0
6       2   1   3   2   2   3   2   5   3   6   2   7   -0.00901367856024       0.0
1       3   1   0.0685970189362       0.0
2       3   1   3   2   0.0839607112811       0.0
2       3   1   3   3   0.0449608047801       0.0
2       3   1   3   4   0.0841002242294       0.0
2       3   1   3   5   0.0471584228823       0.0
2       3   1   3   6   0.0848305970266       0.0
2       3   1   3   7   0.0538627671205       0.0
4       1   2   1   3   2   4   2   5   -0.0313305571674       0.0
4       1   2   1   3   2   6   2   7   -0.0390003428741       0.0
4       1   2   2   3   2   4   1   5   0.0313305571674       0.0
4       1   2   2   3   2   6   1   7   0.0390003428741       0.0
4       2   2   1   3   1   4   2   5   0.0313305571674       0.0
4       2   2   1   3   1   6   2   7   0.0390003428741       0.0
4       2   2   2   3   1   4   1   5   -0.0313305571674       0.0
4       2   2   2   3   1   6   1   7   -0.0390003428741       0.0
1       3   2   0.042782406796       0.0
2       3   2   3   3   0.0848926857766       0.0
2       3   2   3   4   0.0536215450707       0.0
2       3   2   3   5   0.0849521022382       0.0
2       3   2   3   6   0.0468450274893       0.0
2       3   2   3   7   0.0858453703634       0.0
1       3   3   0.042782406796       0.0
2       3   3   3   4   0.0849521022382       0.0
2       3   3   3   5   0.0536215450707       0.0
2       3   3   3   6   0.0858453703634       0.0
2       3   3   3   7   0.0468450274893       0.0
4       1   4   1   5   2   6   2   7   -0.0416013489525       0.0
4       1   4   2   5   2   6   1   7   0.0416013489525       0.0
4       2   4   1   5   1   6   2   7   0.0416013489525       0.0
4       2   4   2   5   1   6   1   7   -0.0416013489525       0.0
1       3   4   0.032269626938       0.0
2       3   4   3   5   0.0853129691811       0.0
2       3   4   3   6   0.0445218814827       0.0
2       3   4   3   7   0.0861232304352       0.0
1       3   5   0.032269626938       0.0
2       3   5   3   6   0.0861232304352       0.0
2       3   5   3   7   0.0445218814827       0.0
1       3   6   0.00963925681122       0.0
2       3   6   3   7   0.0870782575846       0.0
1       3   7   0.00963925681122       0.0
