0       -1.08128057917
4       1   0   1   1   2   2   2   3   -0.018894203528       0.0
4       1   0   1   1   2   4   2   5   -0.0573291409849       0.0
4       1   0   1   1   2   6   2   7   -0.0235399997164       0.0
4       1   0   2   1   2   2   1   3   0.018894203528       0.0
4       1   0   2   1   2   4   1   5   0.0573291409849       0.0
4       1   0   2   1   2   6   1   7   0.0235399997164       0.0
8       1   0   3   1   1   2   1   3   3   4   3   5   3   6   1   7   0.0333902042497       0.0
8       1   0   3   1   1   2   2   3   3   4   3   5   3   6   2   7   0.0333902042497       0.0
8       1   0   3   1   3   2   3   3   1   4   1   5   3   6   1   7   -0.0345338846187       0.0
8       1   0   3   1   3   2   3   3   1   4   2   5   3   6   2   7   -0.0345338846187       0.0
7       1   0   3   1   3   2   3   3   3   4   3   5   1   6   -0.0142596263369       0.0
8       1   0   3   1   3   2   3   3   3   4   3   5   1   6   3   7   -0.0127597063456       0.0
6       1   0   3   1   3   2   3   3   3   4   1   6   0.0276414445055       0.0
6       1   0   3   1   3   2   3   3   3   5   1   6   -0.00689244011312       0.0
6       1   0   3   1   3   2   3   4   3   5   1   6   -0.0266829978661       0.0
6       1   0   3   1   3   3   3   4   3   5   1   6   0.0067072063836       0.0
6       1   0   3   2   3   3   3   4   3   5   1   6   0.01370546293       0.0
4       2   0   1   1   1   2   2   3   0.018894203528       0.0
4       2   0   1   1   1   4   2   5   0.0573291409849       0.0
4       2   0   1   1   1   6   2   7   0.0235399997164       0.0
4       2   0   2   1   1   2   1   3   -0.018894203528       0.0
4       2   0   2   1   1   4   1   5   -0.0573291409849       0.0
4       2   0   2   1   1   6   1   7   -0.0235399997164       0.0
8       2   0   3   1   2   2   1   3   3   4   3   5   3   6   1   7   0.0333902042497       0.0
8       2   0   3   1   2   2   2   3   3   4   3   5   3   6   2   7   0.0333902042497       0.0
8       2   0   3   1   3   2   3   3   2   4   1   5   3   6   1   7   -0.0345338846187       0.0
8       2   0   3   1   3   2   3   3   2   4   2   5   3   6   2   7   -0.0345338846187       0.0
7       2   0   3   1   3   2   3   3   3   4   3   5   2   6   -0.0142596263369       0.0
8       2   0   3   1   3   2   3   3   3   4   3   5   2   6   3   7   -0.0127597063456       0.0
6       2   0   3   1   3   2   3   3   3   4   2   6   0.0276414445055       0.0
6       2   0   3   1   3   2   3   3   3   5   2   6   -0.00689244011312       0.0
6       2   0   3   1   3   2   3   4   3   5   2   6   -0.0266829978661       0.0
6       2   0   3   1   3   3   3   4   3   5   2   6   0.0067072063836       0.0
6       2   0   3   2   3   3   3   4   3   5   2   6   0.01370546293       0.0
1       3   0   0.064406027848       0.0
8       3   0   1   1   3   2   3   3   3   4   3   5   3   6   1   7   0.01370546293       0.0
8       3   0   2   1   3   2   3   3   3   4   3   5   3   6   2   7   0.01370546293       0.0
2       3   0   3   1   0.0908818600778       0.0
2       3   0   3   2   0.0498165041608       0.0
2       3   0   3   3   0.0687107076887       0.0
2       3   0   3   4   0.0421211258164       0.0
2       3   0   3   5   0.0994502668013       0.0
2       3   0   3   6   0.0537284291007       0.0
2       3   0   3   7   0.0772684288171       0.0
6       1   1   1   2   2   3   3   4   3   5   2   6   -0.0333902042497       0.0
6       1   1   2   2   2   3   3   4   3   5   1   6   0.0333902042497       0.0
6       1   1   3   2   3   3   1   4   2   5   2   6   0.0345338846187       0.0
6       1   1   3   2   3   3   2   4   2   5   1   6   -0.0345338846187       0.0
7       1   1   3   2   3   3   3   4   3   5   3   6   1   7   -0.0142596263369       0.0
6       1   1   3   2   3   3   3   4   3   5   1   7   -0.0127597063456       0.0
6       1   1   3   2   3   3   3   4   3   6   1   7   -0.00689244011312       0.0
6       1   1   3   2   3   3   3   5   3   6   1   7   0.0276414445055       0.0
6       1   1   3   2   3   4   3   5   3   6   1   7   0.0067072063836       0.0
6       1   1   3   3   3   4   3   5   3   6   1   7   -0.0266829978661       0.0
6       2   1   1   2   1   3   3   4   3   5   2   6   0.0333902042497       0.0
6       2   1   2   2   1   3   3   4   3   5   1   6   -0.0333902042497       0.0
6       2   1   3   2   3   3   1   4   1   5   2   6   -0.0345338846187       0.0
6       2   1   3   2   3   3   2   4   1   5   1   6   0.0345338846187       0.0
7       2   1   3   2   3   3   3   4   3   5   3   6   2   7   -0.0142596263369       0.0
6       2   1   3   2   3   3   3   4   3   5   2   7   -0.0127597063456       0.0
6       2   1   3   2   3   3   3   4   3   6   2   7   -0.00689244011312       0.0
6       2   1   3   2   3   3   3   5   3   6   2   7   0.0276414445055       0.0
6       2   1   3   2   3   4   3   5   3   6   2   7   0.0067072063836       0.0
6       2   1   3   3   3   4   3   5   3   6   2   7   -0.0266829978661       0.0
1       3   1   0.064406027848       0.0
2       3   1   3   2   0.0687107076887       0.0
2       3   1   3   3   0.0498165041608       0.0
2       3   1   3   4   0.0994502668013       0.0
2       3   1   3   5   0.0421211258164       0.0
2       3   1   3   6   0.0772684288171       0.0
2       3   1   3   7   0.0537284291007       0.0
4       1   2   1   3   2   4   2   5   -6.99051370693e-05       0.0
4       1   2   1   3   2   6   2   7   -0.0593503084996       0.0
4       1   2   2   3   2   4   1   5   6.99051370693e-05       0.0
4       1   2   2   3   2   6   1   7   0.0593503084996       0.0
4       2   2   1   3   1   4   2   5   6.99051370693e-05       0.0
4       2   2   1   3   1   6   2   7   0.0593503084996       0.0
4       2   2   2   3   1   4   1   5   -6.99051370693e-05       0.0
4       2   2   2   3   1   6   1   7   -0.0593503084996       0.0
1       3   2   0.037603666473       0.0
2       3   2   3   3   0.116338876405       0.0
2       3   2   3   4   0.053485168931       0.0
2       3   2   3   5   0.0535550740681       0.0
2       3   2   3   6   0.0417937717699       0.0
2       3   2   3   7   0.101144080269       0.0
1       3   3   0.037603666473       0.0
2       3   3   3   4   0.0535550740681       0.0
2       3   3   3   5   0.053485168931       0.0
2       3   3   3   6   0.101144080269       0.0
2       3   3   3   7   0.0417937717699       0.0
4       1   4   1   5   2   6   2   7   -0.0209153710427       0.0
4       1   4   2   5   2   6   1   7   0.0209153710427       0.0
4       2   4   1   5   1   6   2   7   0.0209153710427       0.0
4       2   4   2   5   1   6   1   7   -0.0209153710427       0.0
1       3   4   0.037603666473       0.0
2       3   4   3   5   0.116338876405       0.0
2       3   4   3   6   0.0494891501142       0.0
2       3   4   3   7   0.0704045211569       0.0
1       3   5   0.037603666473       0.0
2       3   5   3   6   0.0704045211569       0.0
2       3   5   3   7   0.0494891501142       0.0
1       3   6   0.0140054188904       0.0
2       3   6   3   7   0.0942246340506       0.0
1       3   7   0.0140054188904       0.0
